1000
-4279.000000 9038.260742
413.000000 -9991.467773
-6974.000000 7166.821289
995.000000 -9950.375977
-2659.000000 -9640.005859
3898.000000 -9208.995117
1770.000000 -9842.108398
761.000000 9971.001953
3967.000000 9179.483398
8052.000000 5930.033203
-6566.000000 -7542.389648
-7758.000000 6309.789062
-182.000000 -9998.343750
8696.000000 4937.568848
5120.000000 -8589.854492
8562.000000 5166.445801
8917.000000 4526.269043
6951.000000 -7189.130859
5878.000000 -8090.062988
-8697.000000 -4935.807129
2693.000000 -9630.563477
-6309.000000 -7758.641602
9024.000000 -4308.993164
4259.000000 9047.702148
-8934.000000 -4492.621582
-4363.000000 -8998.012695
-3619.000000 9322.168945
3244.000000 9459.200195
3252.000000 9456.452148
366.000000 9993.299805
-9061.000000 4230.635742
-3614.000000 9324.109375
-4440.000000 8960.267578
-9592.000000 -2827.284180
1141.000000 -9934.692383
1750.000000 -9845.684570
6394.000000 -7688.742676
-9001.000000 4356.833496
-9253.000000 3792.359619
3274.000000 9448.858398
-8039.000000 -5947.645020
3348.000000 -9422.892578
-4801.000000 -8772.137695
4739.000000 -8805.787109
4013.000000 9159.466797
-6666.000000 -7454.156250
-2335.000000 9723.568359
-9940.000000 1093.800659
8586.000000 -5126.461426
-4151.000000 -9097.757812
4255.000000 9049.583984
-3746.000000 -9271.865234
-13.000000 9999.991211
-999.000000 9949.974609
3122.000000 9500.164062
-5314.000000 -8471.210938
-1937.000000 -9810.608398
6613.000000 7501.215332
-5819.000000 -8132.603516
-651.000000 9978.787109
-3632.000000 -9317.112305
4902.000000 -8716.099609
8075.000000 5898.675781
8670.000000 -4983.081543
-5198.000000 -8542.879883
959.000000 -9953.910156
7704.000000 -6375.608398
-745.000000 9972.209961
1242.000000 -9922.572266
-8447.000000 5352.400391
5632.000000 8263.206055
1917.000000 -9814.536133
648.000000 -9978.982422
6628.000000 7487.964844
6752.000000 7376.347168
6111.000000 7915.534180
9215.000000 3883.783691
1633.000000 -9865.764648
3306.000000 9437.709961
2819.000000 -9594.437500
-5402.000000 -8415.367188
5309.000000 8474.344727
6287.000000 7776.479492
-505.000000 9987.240234
8965.000000 4430.437500
4786.000000 -8780.331055
-3283.000000 9445.735352
-8551.000000 -5184.631348
-5044.000000 8634.701172
-1818.000000 9833.355469
-7367.000000 6762.197266
-7480.000000 6636.987305
4900.000000 8717.224609
940.000000 -9955.721680
-2112.000000 -9774.428711
5770.000000 8167.441406
3951.000000 9186.380859
4360.000000 8999.466797
7742.000000 6329.410156
-7495.000000 6620.043457
-986.000000 -9951.271484
6008.000000 7993.993652
-2316.000000 -9728.111328
-1640.000000 -9864.603516
-1686.000000 -9856.845703
9206.000000 3905.069580
-1388.000000 9903.204102
-8527.000000 -5224.009277
1174.000000 -9930.847656
-5876.000000 -8091.515625
4370.000000 8994.615234
-3138.000000 -9494.891602
7489.000000 -6626.830078
4788.000000 -8779.240234
-5541.000000 8324.500977
-9790.000000 -2038.603394
-2319.000000 -9727.396484
5335.000000 8458.000977
9545.000000 2982.109375
-1071.000000 -9942.482422
-653.000000 9978.657227
7817.000000 6236.546387
40.000000 -9999.919922
-2223.000000 -9749.783203
-7465.000000 6653.854004
7877.000000 6160.590332
306.000000 -9995.317383
8706.000000 -4919.915527
-9592.000000 -2827.284180
-9628.000000 -2702.150146
-8466.000000 5322.297363
-7091.000000 7051.079590
1512.000000 -9885.032227
6203.000000 -7843.646484
-645.000000 9979.176758
9763.000000 -2164.216309
1682.000000 9857.529297
7791.000000 6268.996582
8774.000000 -4797.596191
5804.000000 -8143.315430
4757.000000 -8796.076172
1082.000000 9941.291992
-6839.000000 -7295.757812
-1671.000000 9859.399414
-8212.000000 -5706.404785
4158.000000 9094.560547
9299.000000 3678.124512
-4874.000000 -8731.788086
9456.000000 -3253.315918
-2589.000000 -9659.041016
-5344.000000 8452.317383
-9454.000000 3259.123779
3813.000000 9244.513672
-7384.000000 6743.629883
4547.000000 -8906.446289
-4924.000000 8703.690430
4235.000000 9058.960938
-4942.000000 -8693.482422
-5752.000000 8180.127930
7334.000000 6797.973633
9316.000000 -3634.851318
-1241.000000 9922.697266
-8044.000000 5940.880859
4472.000000 -8944.339844
-5650.000000 8250.909180
3300.000000 9439.809570
-7186.000000 6954.236328
-8989.000000 -4381.538574
-7578.000000 -6524.869141
2806.000000 -9598.248047
-1556.000000 -9878.201172
7505.000000 -6608.704590
-2814.000000 9595.906250
5402.000000 8415.367188
8017.000000 -5977.266113
-8872.000000 4613.850586
-2124.000000 9771.828125
8151.000000 5793.203125
1824.000000 9832.244141
4760.000000 8794.453125
8466.000000 -5322.297363
8287.000000 5596.930664
5834.000000 8121.849609
4921.000000 -8705.386719
-1851.000000 9827.197266
-4410.000000 -8975.071289
5362.000000 8440.910156
-20.000000 -9999.980469
4408.000000 8976.053711
-5353.000000 -8446.620117
190.000000 -9998.195312
9313.000000 -3642.531006
2883.000000 9575.401367
-2181.000000 9759.264648
-600.000000 -9981.983398
4869.000000 -8734.577148
8287.000000 -5596.930664
-9118.000000 -4106.346191
-6350.000000 7725.121582
-7561.000000 6544.561035
-7716.000000 6361.080566
-7290.000000 6845.136719
3789.000000 -9254.375977
-2185.000000 -9758.369141
7880.000000 -6156.752441
8890.000000 -4579.072266
-6243.000000 7811.846680
-3144.000000 -9492.906250
-7742.000000 -6329.410156
2940.000000 -9558.053711
3499.000000 -9367.871094
-8962.000000 -4436.502930
7616.000000 -6480.474121
7453.000000 6667.292480
2314.000000 9728.586914
5131.000000 8583.288086
1390.000000 9902.923828
-5375.000000 8432.637695
-8186.000000 5743.640137
-5307.000000 -8475.597656
3172.000000 9483.586914
3050.000000 -9523.523438
2094.000000 9778.300781
-5347.000000 8450.419922
7145.000000 6996.354492
-5932.000000 -8050.551270
-9812.000000 1929.936768
5993.000000 -8005.245117
-4670.000000 -8842.573242
2194.000000 -9756.350586
7204.000000 -6935.588379
-6335.000000 7737.426758
7958.000000 -6055.595215
-6939.000000 -7200.713867
4385.000000 8987.311523
-9255.000000 -3787.476318
-1516.000000 9884.418945
8492.000000 -5280.713379
-3324.000000 9431.384766
-3756.000000 9267.818359
-3805.000000 -9247.809570
5893.000000 8079.143066
-1137.000000 9935.151367
-7155.000000 6986.127441
-1397.000000 -9901.938477
-7260.000000 6876.946777
-9871.000000 1601.049683
1700.000000 9854.440430
5965.000000 -8026.130859
4086.000000 -9127.135742
-9215.000000 3883.783691
7758.000000 6309.789062
-1686.000000 -9856.845703
4175.000000 9086.769531
-1647.000000 -9863.437500
-1249.000000 9921.693359
9992.000000 -399.919983
-6605.000000 7508.260742
-8163.000000 -5776.281738
-412.000000 -9991.508789
-4469.000000 -8945.838867
773.000000 9970.079102
4581.000000 -8889.006836
6007.000000 -7994.745117
910.000000 9958.508789
4755.000000 8797.157227
-7875.000000 -6163.146484
-1784.000000 9839.580078
-4977.000000 8673.492188
-2934.000000 -9559.897461
-9412.000000 3378.499023
-7136.000000 -7005.533691
5235.000000 -8520.256836
-3767.000000 -9263.353516
-9888.000000 1492.466431
7151.000000 6990.221680
2816.000000 -9595.319336
7834.000000 6215.178711
-3902.000000 9207.301758
9144.000000 -4048.118652
5488.000000 -8359.537109
5384.000000 8426.894531
5512.000000 8343.731445
8636.000000 -5041.775879
8930.000000 4500.566895
200.000000 -9998.000000
-4775.000000 -8786.317383
-1565.000000 -9876.779297
9336.000000 -3583.169434
-7325.000000 -6807.670410
5947.000000 8039.477051
748.000000 9971.985352
-3582.000000 -9336.449219
9029.000000 4298.506836
2017.000000 -9794.473633
-7773.000000 6291.301270
8893.000000 4573.243164
4330.000000 9013.939453
6948.000000 7192.030273
3882.000000 -9215.751953
5908.000000 8068.180664
3516.000000 9361.502930
-6000.000000 -8000.000000
-6436.000000 7653.620117
748.000000 9971.985352
8827.000000 -4699.369141
7820.000000 6232.784180
-2702.000000 -9628.041992
228.000000 -9997.400391
-6458.000000 7635.066406
9455.000000 3256.221191
-5786.000000 -8156.114746
-2993.000000 9541.590820
-5509.000000 8345.712891
4126.000000 9109.123047
-6696.000000 7427.219238
-5575.000000 -8301.769531
5538.000000 -8326.497070
309.000000 9995.224609
-8144.000000 5803.039062
7446.000000 -6675.109375
6320.000000 7749.684082
5513.000000 8343.071289
8607.000000 -5091.125000
-6789.000000 7342.307617
995.000000 -9950.375977
-9001.000000 -4356.833496
-773.000000 9970.079102
-1724.000000 9850.270508
8800.000000 4749.736816
-5881.000000 8087.882324
9956.000000 937.050720
-4539.000000 8910.526367
7788.000000 6272.723145
6137.000000 7895.393066
336.000000 -9994.353516
1368.000000 9905.987305
-8133.000000 5818.445801
2250.000000 9743.587891
-5030.000000 8642.864258
4006.000000 9162.530273
-7556.000000 6550.333008
3622.000000 9321.003906
-4120.000000 -9111.838867
-7794.000000 -6265.266602
6613.000000 7501.215332
8352.000000 -5499.463379
-9663.000000 -2574.185791
-7163.000000 6977.924805
1161.000000 9932.375000
9802.000000 1980.100952
-1609.000000 9869.707031
2902.000000 -9569.660156
273.000000 9996.272461
3407.000000 -9401.720703
9092.000000 4163.596680
-7245.000000 -6892.748047
9023.000000 4311.086914
5200.000000 8541.663086
-8580.000000 5136.497070
9039.000000 4277.438477
300.000000 9995.499023
-4478.000000 -8941.337891
-6111.000000 -7915.534180
-4065.000000 -9136.507812
-3397.000000 -9405.338867
6603.000000 7510.019531
-5049.000000 -8631.778320
9026.000000 -4304.802734
8627.000000 5057.160645
-1037.000000 9946.085938
1344.000000 9909.271484
-7103.000000 -7038.990723
3014.000000 9534.978516
2118.000000 9773.130859
-4367.000000 -8996.072266
-5294.000000 -8483.723633
4330.000000 9013.939453
1137.000000 -9935.151367
5035.000000 8639.952148
-5026.000000 8645.191406
1992.000000 9799.588867
-8620.000000 -5069.082520
6733.000000 -7393.693848
-9842.000000 -1770.604370
9194.000000 -3933.238770
6039.000000 -7970.601074
-7622.000000 6473.416016
4043.000000 -9146.264648
504.000000 -9987.291016
-6662.000000 7457.731445
-2634.000000 9646.867188
8720.000000 4895.058594
9398.000000 3417.250244
-2936.000000 -9559.283203
-2321.000000 9726.918945
2029.000000 -9791.995117
9741.000000 -2261.176758
-1582.000000 9874.071289
6582.000000 -7528.431152
3363.000000 -9417.548828
-4044.000000 9145.822266
9969.000000 -786.790955
397.000000 9992.116211
-8344.000000 5511.593750
-4846.000000 8747.359375
7509.000000 -6604.159180
9468.000000 3218.225586
7211.000000 6928.310059
-2953.000000 9554.045898
1729.000000 -9849.393555
9646.000000 -2637.174316
-7613.000000 -6483.998047
-5331.000000 8460.522461
9533.000000 -3020.250244
2216.000000 9751.376953
-2575.000000 -9662.783203
-6648.000000 7470.213867
3134.000000 9496.211914
-6078.000000 -7940.901367
-7061.000000 7081.121582
-3824.000000 -9239.968750
-6844.000000 -7291.067383
-6997.000000 -7144.367676
3682.000000 9297.466797
913.000000 9958.234375
8855.000000 4646.394043
2771.000000 9608.411133
-1324.000000 9911.963867
-8254.000000 -5645.483887
-141.000000 -9999.005859
1429.000000 9897.371094
6162.000000 -7875.896973
-5385.000000 -8426.254883
-576.000000 9983.397461
77.000000 9999.703125
-9815.000000 1914.621582
-7296.000000 6838.741211
3068.000000 -9517.740234
-4341.000000 9008.646484
5146.000000 8574.303711
9372.000000 -3487.924316
6661.000000 -7458.624512
3549.000000 9349.042969
5367.000000 8437.731445
-3805.000000 -9247.809570
1078.000000 9941.726562
-1921.000000 -9813.753906
823.000000 -9966.076172
4156.000000 -9095.474609
6917.000000 7221.849609
-7245.000000 6892.748047
-43.000000 -9999.907227
1077.000000 -9941.833984
-578.000000 9983.282227
1151.000000 -9933.539062
4786.000000 -8780.331055
-1417.000000 9899.096680
3814.000000 -9244.101562
4381.000000 8989.262695
-2449.000000 9695.483398
8161.000000 -5779.107422
-4023.000000 9155.079102
-6199.000000 7846.808105
-72.000000 -9999.741211
-6220.000000 -7830.172363
-5798.000000 -8147.588379
-8620.000000 -5069.082520
-1982.000000 9801.616211
-32.000000 -9999.949219
7110.000000 -7031.919922
-8361.000000 -5485.770508
-6393.000000 7689.574219
5709.000000 -8210.196289
-938.000000 -9955.911133
8526.000000 -5225.641602
2275.000000 -9737.781250
4346.000000 9006.236328
7737.000000 -6335.521484
4350.000000 9004.304688
7263.000000 -6873.778809
-4470.000000 -8945.339844
-3216.000000 -9468.755859
4625.000000 8866.192383
-9772.000000 -2123.208984
-314.000000 9995.069336
-8484.000000 -5293.556641
7985.000000 -6019.948242
-3473.000000 -9377.541016
-6604.000000 -7509.140137
-3915.000000 9201.781250
-6778.000000 -7352.463379
4431.000000 -8964.721680
896.000000 9959.778320
-2374.000000 -9714.120117
-15.000000 9999.989258
40.000000 9999.919922
-8246.000000 -5657.162598
-4330.000000 9013.939453
1354.000000 9907.910156
9352.000000 3541.199707
5431.000000 -8396.680664
9031.000000 -4294.303223
7622.000000 -6473.416016
-6915.000000 7223.764648
6767.000000 7362.588867
-6784.000000 7346.927734
9240.000000 -3823.924805
8480.000000 5299.962402
4399.000000 -8980.467773
-268.000000 -9996.408203
4428.000000 -8966.204102
-2426.000000 9701.264648
-8560.000000 5169.758301
-6372.000000 -7706.984863
-7794.000000 -6265.266602
4218.000000 9066.889648
-3049.000000 -9523.843750
-4430.000000 8965.216797
1832.000000 -9830.756836
1859.000000 -9825.686523
8428.000000 5382.268555
471.000000 9988.901367
-1342.000000 9909.542969
-1938.000000 -9810.411133
-4632.000000 8862.538086
-518.000000 9986.575195
9638.000000 2666.263184
1313.000000 9913.426758
954.000000 -9954.390625
9915.000000 -1301.067261
8626.000000 5058.866211
-358.000000 -9993.589844
8461.000000 5330.242188
8395.000000 5433.597168
9233.000000 3840.795654
-7743.000000 -6328.187012
1785.000000 9839.399414
1680.000000 -9857.870117
-6985.000000 -7156.100586
1019.000000 -9947.946289
6210.000000 7838.105469
-9142.000000 4052.633789
-82.000000 -9999.664062
9751.000000 2217.656494
4517.000000 8921.699219
-4334.000000 9012.016602
2339.000000 -9722.606445
-2662.000000 9639.178711
811.000000 9967.059570
8618.000000 -5072.482422
7941.000000 -6077.871582
-7208.000000 -6931.431152
-126.000000 -9999.206055
-5881.000000 -8087.882324
-8568.000000 -5156.488770
1739.000000 -9847.632812
-9150.000000 4034.538818
-9357.000000 -3527.967041
-4753.000000 8798.238281
7372.000000 6756.746094
-9284.000000 -3715.823486
-8037.000000 5950.347168
3988.000000 -9170.378906
6677.000000 -7444.304688
5577.000000 -8300.425781
8842.000000 -4671.085449
5292.000000 8484.970703
7793.000000 -6266.510254
8023.000000 5969.210449
-4045.000000 9145.379883
6880.000000 -7257.106934
3815.000000 -9243.688477
-5070.000000 -8619.460938
-9649.000000 2626.176025
-9459.000000 3244.583252
-97.000000 9999.529297
-4818.000000 -8762.812500
7040.000000 -7101.999512
-503.000000 -9987.341797
7099.000000 -7043.024902
-5443.000000 8388.906250
-2397.000000 9708.469727
8406.000000 -5416.564453
1436.000000 -9896.358398
-9529.000000 -3032.846924
-169.000000 9998.572266
6179.000000 7862.566895
7783.000000 6278.925781
-3260.000000 9453.697266
-8443.000000 -5358.708008
-1780.000000 9840.304688
-2557.000000 -9667.561523
8809.000000 -4733.024414
-4522.000000 8919.166016
-9613.000000 -2755.037598
-8577.000000 5141.504883
256.000000 9996.722656
2101.000000 9776.798828
-825.000000 -9965.911133
6609.000000 7504.739746
2416.000000 9703.758789
7287.000000 -6848.330566
5035.000000 -8639.952148
1808.000000 -9835.199219
-7255.000000 -6882.221680
-2992.000000 -9541.904297
-8037.000000 5950.347168
7208.000000 6931.431152
-9703.000000 -2419.047852
4946.000000 8691.207031
-2193.000000 -9756.575195
5810.000000 -8139.035645
-9272.000000 3745.666260
-2063.000000 -9784.887695
-5620.000000 8271.372070
-550.000000 9984.863281
-5944.000000 8041.695312
136.000000 9999.075195
912.000000 -9958.326172
451.000000 -9989.825195
-433.000000 9990.621094
-480.000000 -9988.473633
-5308.000000 8474.970703
2645.000000 -9643.856445
8092.000000 -5875.333008
1261.000000 -9920.175781
-1807.000000 -9835.382812
9988.000000 489.750946
6823.000000 7310.723145
6376.000000 -7703.675781
2018.000000 9794.267578
-481.000000 -9988.425781
-6896.000000 -7241.904785
-8452.000000 5344.501465
-8038.000000 5948.996094
-1828.000000 9831.500977
-4973.000000 8675.786133
-4431.000000 8964.721680
-645.000000 -9979.176758
1161.000000 -9932.375000
-3082.000000 -9513.215820
7522.000000 6589.348633
1370.000000 -9905.710938
-3898.000000 -9208.995117
8247.000000 -5655.704590
-8959.000000 4442.557617
8740.000000 4859.259277
2456.000000 -9693.712891
-2401.000000 -9707.481445
9487.000000 3161.776611
5243.000000 8515.335938
-9025.000000 4306.898438
4547.000000 -8906.446289
7120.000000 7021.794434
8309.000000 5564.217773
-7283.000000 6852.584473
5305.000000 8476.849609
-4181.000000 -9084.009766
-6056.000000 7957.691895
-6674.000000 -7446.994141
3489.000000 -9371.599609
-9598.000000 -2806.848877
-5481.000000 -8364.127930
-9114.000000 4115.216797
-25.000000 -9999.968750
5176.000000 -8556.227539
-7472.000000 6645.992676
2963.000000 9550.949219
-5004.000000 8657.943359
7474.000000 6643.743164
9378.000000 -3471.760254
-5953.000000 8035.035156
-4723.000000 8814.378906
-8137.000000 -5812.850586
-90.000000 -9999.594727
-989.000000 9950.973633
-7634.000000 6459.260254
920.000000 9957.589844
-3306.000000 -9437.709961
-8271.000000 -5620.547852
5299.000000 8480.601562
1793.000000 -9837.944336
-5699.000000 -8217.140625
3719.000000 -9282.728516
2975.000000 -9547.217773
696.000000 9975.750000
-6322.000000 -7748.052246
3000.000000 -9539.391602
7068.000000 7074.134277
4582.000000 8888.491211
2216.000000 -9751.376953
-5617.000000 -8273.410156
3302.000000 -9439.110352
1831.000000 -9830.943359
3554.000000 9347.143555
6339.000000 -7734.150391
-7518.000000 6593.912109
-3485.000000 -9373.087891
-9361.000000 -3517.339844
9069.000000 4213.459473
-1163.000000 -9932.141602
6099.000000 7924.783691
8751.000000 4839.421387
5999.000000 8000.750000
4901.000000 8716.662109
-8784.000000 -4779.261719
-6478.000000 7618.104492
-6696.000000 -7427.219238
-358.000000 -9993.589844
-2928.000000 -9561.737305
-519.000000 9986.522461
-1666.000000 -9860.246094
6005.000000 7996.247559
-1391.000000 -9902.783203
-2623.000000 9649.864258
3756.000000 -9267.818359
5484.000000 -8362.161133
-5209.000000 8536.176758
4852.000000 8744.032227
3637.000000 9315.161133
5069.000000 8620.048828
-2442.000000 -9697.249023
1374.000000 -9905.156250
-6245.000000 7810.248047
-7808.000000 6247.810547
2853.000000 -9584.382812
-5562.000000 -8310.485352
-4531.000000 8914.596680
4323.000000 9017.298828
5377.000000 -8431.362305
-4605.000000 -8876.596680
6405.000000 7679.581543
6877.000000 7259.949707
3692.000000 9293.500000
-5008.000000 -8655.629883
5724.000000 8199.745117
-4625.000000 -8866.192383
-8189.000000 5739.362305
4190.000000 9079.862305
1907.000000 -9816.483398
7506.000000 6607.568848
425.000000 9990.964844
-3411.000000 9400.270508
1388.000000 -9903.204102
8985.000000 4389.735352
7744.000000 6326.963379
-2501.000000 -9682.200195
-898.000000 -9959.598633
5987.000000 -8009.733398
-3696.000000 9291.909180
8743.000000 -4853.859375
-6195.000000 -7849.966797
8497.000000 5272.664551
9178.000000 3970.430664
3405.000000 9402.445312
-65.000000 9999.789062
3091.000000 -9510.295898
6964.000000 -7176.538574
-9453.000000 3262.022705
-2720.000000 9622.972656
-4303.000000 -9026.859375
-9885.000000 -1512.208984
4789.000000 8778.694336
-8053.000000 -5928.675293
-4446.000000 8957.291992
7898.000000 -6133.644531
-6290.000000 7774.053223
3167.000000 -9485.257812
8878.000000 4602.294922
-6532.000000 7571.854004
193.000000 9998.137695
6289.000000 -7774.861816
6323.000000 7747.236328
4785.000000 -8780.875977
3062.000000 9519.671875
-138.000000 9999.047852
-3759.000000 9266.602539
8582.000000 5133.154785
-4426.000000 -8967.191406
7279.000000 -6856.833008
-2993.000000 -9541.590820
-311.000000 9995.163086
-5428.000000 -8398.620117
8998.000000 -4363.026367
-197.000000 -9998.059570
1354.000000 -9907.910156
-3611.000000 -9325.271484
-1139.000000 9934.921875
9823.000000 1873.144897
1270.000000 9919.027344
-8205.000000 -5716.465332
-6006.000000 -7995.496582
4558.000000 8900.822266
-9731.000000 -2303.831543
-653.000000 9978.657227
694.000000 9975.889648
9909.000000 -1346.001465
4586.000000 -8886.428711
-6815.000000 -7318.181152
8710.000000 4912.830566
-5722.000000 8201.141602
-9124.000000 4092.996826
-5205.000000 -8538.617188
1366.000000 -9906.262695
4550.000000 -8904.915039
5661.000000 8243.366211
-8074.000000 -5900.044434
-4468.000000 -8946.338867
-3425.000000 -9395.178711
-9371.000000 -3490.610352
-1740.000000 -9847.456055
2448.000000 9695.736328
2884.000000 9575.100586
8477.000000 5304.759277
379.000000 9992.815430
7713.000000 6364.717773
-2909.000000 9567.535156
-9579.000000 2871.020752
-8862.000000 -4633.029297
1657.000000 9861.761719
316.000000 9995.005859
-1964.000000 -9805.238281
5842.000000 -8116.097168
-4350.000000 -9004.304688
8298.000000 -5580.609375
-9417.000000 -3364.537354
7322.000000 6810.896973
5158.000000 8567.090820
-5355.000000 8445.352539
-5805.000000 8142.602539
7375.000000 -6753.471191
4708.000000 -8822.399414
9086.000000 4176.674316
4633.000000 8862.014648
-4874.000000 -8731.788086
-3280.000000 -9446.777344
-7669.000000 -6417.666016
-6115.000000 -7912.444336
3086.000000 9511.918945
-2008.000000 9796.322266
3329.000000 9429.621094
8791.000000 -4766.374023
840.000000 9964.657227
-2363.000000 9716.801758
3992.000000 9168.638672
6107.000000 7918.620605
6420.000000 -7667.046387
7841.000000 6206.345215
-2105.000000 9775.938477
6996.000000 -7145.347168
5249.000000 8511.638672
-6101.000000 -7923.244141
-2596.000000 9657.162109
1653.000000 9862.433594
6545.000000 7560.620117
-7724.000000 6351.363770
3529.000000 9356.610352
1280.000000 -9917.741211
-8295.000000 5585.067383
-8848.000000 4659.709961
-8743.000000 -4853.859375
7513.000000 -6599.608398
-944.000000 -9955.343750
8125.000000 5829.611816
-3685.000000 9296.277344
2500.000000 -9682.458008
-7.000000 9999.998047
2796.000000 -9601.166016
6983.000000 -7158.052246
7810.000000 -6245.310059
-6206.000000 7841.272949
-6581.000000 -7529.305176
-6645.000000 -7472.882812
9397.000000 3419.998779
-8278.000000 5610.233398
6201.000000 7845.228027
351.000000 -9993.837891
7149.000000 -6992.267090
5514.000000 8342.410156
8630.000000 -5052.039551
-2413.000000 -9704.505859
4271.000000 9042.043945
-303.000000 -9995.408203
-2028.000000 -9792.202148
2177.000000 -9760.157227
-7295.000000 6839.808105
7263.000000 -6873.778809
3451.000000 -9385.659180
8220.000000 -5694.875000
2020.000000 9793.855469
2622.000000 -9650.135742
9847.000000 1742.582031
-1204.000000 9927.254883
-9799.000000 1994.893433
-2674.000000 -9635.856445
-3516.000000 9361.502930
6982.000000 -7159.027344
1999.000000 -9798.163086
-1364.000000 9906.538086
-3139.000000 -9494.560547
-6212.000000 -7836.520508
-5708.000000 -8210.891602
-9289.000000 -3703.306641
4675.000000 -8839.930664
-1265.000000 9919.666016
-9493.000000 -3143.716309
-4480.000000 -8940.335938
-6577.000000 7532.799805
6170.000000 -7869.631348
-6615.000000 7499.451660
-8698.000000 -4934.044922
4831.000000 8755.652344
365.000000 -9993.336914
-5604.000000 8282.220703
-3654.000000 9308.505859
-6692.000000 -7430.823242
-3092.000000 -9509.970703
117.000000 9999.315430
-1217.000000 9925.668945
-5690.000000 8223.375000
-6636.000000 7480.875977
-7755.000000 6313.475586
8893.000000 -4573.243164
2333.000000 9724.047852
8954.000000 4452.626953
-2505.000000 -9681.166016
-5425.000000 -8400.557617
-5774.000000 8164.614258
-6630.000000 7486.193848
8277.000000 -5611.708496
-4934.000000 8698.025391
3892.000000 9211.533203
-9779.000000 -2090.731934
-2962.000000 -9551.259766
-8117.000000 -5840.745605
7586.000000 -6515.566406
1942.000000 -9809.620117
-4585.000000 -8886.944336
3171.000000 -9483.920898
4949.000000 -8689.499023
6533.000000 7570.991699
-7699.000000 -6381.645508
2199.000000 -9755.224609
3635.000000 -9315.942383
5454.000000 8381.758789
2388.000000 9710.687500
1128.000000 9936.176758
-4768.000000 8790.118164
-3424.000000 -9395.542969
-9392.000000 3433.705811
-7282.000000 6853.646973
5888.000000 8082.787598
2964.000000 -9550.638672
-7403.000000 -6722.766602
-2617.000000 9651.493164
-7559.000000 -6546.871094
6892.000000 7245.711426
-3882.000000 9215.751953
6462.000000 7631.681152
1260.000000 -9920.302734
7633.000000 -6460.441895
-1593.000000 -9872.302734
5953.000000 8035.035156
-2649.000000 -9642.758789
-3565.000000 -9342.953125
8974.000000 4412.179688
-6461.000000 -7632.527832
9048.000000 4258.367676
-239.000000 -9997.143555
-4288.000000 9033.994141
-8299.000000 5579.121582
7726.000000 -6348.931152
9189.000000 -3944.905518
8124.000000 5831.005371
7087.000000 -7055.099609
2611.000000 9653.117188
-4926.000000 8702.558594
8397.000000 5430.505859
-6712.000000 -7412.763184
2217.000000 9751.149414
-7541.000000 6567.596191
8884.000000 4590.702148
2133.000000 9769.867188
-2412.000000 -9704.753906
7123.000000 -7018.751465
8882.000000 4594.570801
-6327.000000 -7743.970215
6349.000000 -7725.943359
-4987.000000 -8667.747070
-6546.000000 7559.754395
-6601.000000 -7511.777344
625.000000 -9980.449219
1293.000000 9916.055664
-4556.000000 -8901.845703
-4142.000000 9101.859375
-3616.000000 -9323.333008
4109.000000 9116.804688
2081.000000 9781.075195
7659.000000 6429.597168
